(kicad_pcb (version 20190905) (host pcbnew "5.99.0-unknown-c3175b4~86~ubuntu16.04.1")

  (general
    (thickness 0.8)
    (drawings 8)
    (tracks 482)
    (modules 38)
    (nets 33)
  )

  (page "A4")
  (layers
    (0 "F.Cu" signal)
    (31 "B.Cu" signal)
    (32 "B.Adhes" user hide)
    (33 "F.Adhes" user hide)
    (34 "B.Paste" user hide)
    (35 "F.Paste" user hide)
    (36 "B.SilkS" user hide)
    (37 "F.SilkS" user)
    (38 "B.Mask" user hide)
    (39 "F.Mask" user hide)
    (40 "Dwgs.User" user)
    (41 "Cmts.User" user hide)
    (42 "Eco1.User" user hide)
    (43 "Eco2.User" user)
    (44 "Edge.Cuts" user)
    (45 "Margin" user)
    (46 "B.CrtYd" user)
    (47 "F.CrtYd" user)
    (48 "B.Fab" user hide)
    (49 "F.Fab" user hide)
  )

  (setup
    (stackup
      (layer "F.SilkS" (type "Top Silk Screen"))
      (layer "F.Paste" (type "Top Solder Paste"))
      (layer "F.Mask" (type "Top Solder Mask") (thickness 0.01) (color "Green"))
      (layer "F.Cu" (type "copper") (thickness 0.035))
      (layer "dielectric 1" (type "core") (thickness 0.71) (material "FR4") (epsilon_r 4.5) (loss_tangent 0.02))
      (layer "B.Cu" (type "copper") (thickness 0.035))
      (layer "B.Mask" (type "Bottom Solder Mask") (thickness 0.01) (color "Green"))
      (layer "B.Paste" (type "Bottom Solder Paste"))
      (layer "B.SilkS" (type "Bottom Silk Screen"))
      (copper_finish "None")
      (dielectric_constraints no)
    )
    (last_trace_width 0.5)
    (user_trace_width 0.15)
    (user_trace_width 0.25)
    (user_trace_width 0.5)
    (trace_clearance 0.2)
    (zone_clearance 0.508)
    (zone_45_only no)
    (trace_min 0.15)
    (via_size 0.8)
    (via_drill 0.4)
    (via_min_size 0.45)
    (via_min_drill 0.2)
    (user_via 0.45 0.2)
    (uvia_size 0.3)
    (uvia_drill 0.1)
    (uvias_allowed no)
    (uvia_min_size 0.2)
    (uvia_min_drill 0.1)
    (max_error 0.005)
    (defaults
      (edge_clearance 0.01)
      (edge_cuts_line_width 0.05)
      (courtyard_line_width 0.05)
      (copper_line_width 0.2)
      (copper_text_dims (size 1.5 1.5) (thickness 0.3))
      (silk_line_width 0.12)
      (silk_text_dims (size 1 1) (thickness 0.15))
      (other_layers_line_width 0.1)
      (other_layers_text_dims (size 1 1) (thickness 0.15))
    )
    (pad_size 4.5 4.5)
    (pad_drill 3.5)
    (pad_to_mask_clearance 0.051)
    (solder_mask_min_width 0.25)
    (aux_axis_origin 140 130)
    (visible_elements FFFDFF5F)
    (pcbplotparams
      (layerselection 0x010fc_ffffffff)
      (usegerberextensions false)
      (usegerberattributes false)
      (usegerberadvancedattributes false)
      (creategerberjobfile false)
      (excludeedgelayer true)
      (linewidth 0.100000)
      (plotframeref false)
      (viasonmask false)
      (mode 1)
      (useauxorigin false)
      (hpglpennumber 1)
      (hpglpenspeed 20)
      (hpglpendiameter 15.000000)
      (psnegative false)
      (psa4output false)
      (plotreference true)
      (plotvalue true)
      (plotinvisibletext false)
      (padsonsilk false)
      (subtractmaskfromsilk false)
      (outputformat 4)
      (mirror false)
      (drillshape 0)
      (scaleselection 1)
      (outputdirectory "")
    )
  )

  (net 0 "")
  (net 1 "Net-(C1-Pad2)")
  (net 2 "-VDC")
  (net 3 "AMPSIG")
  (net 4 "Net-(C2-Pad1)")
  (net 5 "Net-(C3-Pad1)")
  (net 6 "GND")
  (net 7 "+VDC")
  (net 8 "SENSEPWR")
  (net 9 "Net-(D3-Pad2)")
  (net 10 "CELL+")
  (net 11 "SERIAL_IN")
  (net 12 "SERIAL_OUT")
  (net 13 "Net-(Q1-Pad4)")
  (net 14 "EYE_L")
  (net 15 "EYE_R")
  (net 16 "Net-(Q1-Pad1)")
  (net 17 "TILT")
  (net 18 "SEX")
  (net 19 "RAND")
  (net 20 "V_CELL")
  (net 21 "TOUCH")
  (net 22 "Net-(L1-Pad2)")
  (net 23 "Net-(Q1-Pad2)")
  (net 24 "Net-(Q1-Pad5)")
  (net 25 "RDIODE")
  (net 26 "GDIODE")
  (net 27 "Net-(C9-Pad2)")
  (net 28 "Net-(C10-Pad2)")
  (net 29 "Net-(C6-Pad2)")
  (net 30 "Net-(C6-Pad1)")
  (net 31 "TOUCH-top")
  (net 32 "RADIOPWR")

  (net_class "Default" "This is the default net class."
    (clearance 0.2)
    (trace_width 0.25)
    (via_dia 0.8)
    (via_drill 0.4)
    (uvia_dia 0.3)
    (uvia_drill 0.1)
    (add_net "+VDC")
    (add_net "-VDC")
    (add_net "AMPSIG")
    (add_net "CELL+")
    (add_net "EYE_L")
    (add_net "EYE_R")
    (add_net "GDIODE")
    (add_net "GND")
    (add_net "Net-(C1-Pad2)")
    (add_net "Net-(C10-Pad2)")
    (add_net "Net-(C2-Pad1)")
    (add_net "Net-(C3-Pad1)")
    (add_net "Net-(C6-Pad1)")
    (add_net "Net-(C6-Pad2)")
    (add_net "Net-(C9-Pad2)")
    (add_net "Net-(D3-Pad2)")
    (add_net "Net-(L1-Pad2)")
    (add_net "Net-(Q1-Pad1)")
    (add_net "Net-(Q1-Pad2)")
    (add_net "Net-(Q1-Pad4)")
    (add_net "Net-(Q1-Pad5)")
    (add_net "RADIOPWR")
    (add_net "RAND")
    (add_net "RDIODE")
    (add_net "SENSEPWR")
    (add_net "SERIAL_IN")
    (add_net "SERIAL_OUT")
    (add_net "SEX")
    (add_net "TILT")
    (add_net "TOUCH")
    (add_net "TOUCH-top")
    (add_net "V_CELL")
  )

  (module "Resistor_SMD:R_0603_1608Metric" (layer "B.Cu") (tedit 5B301BBD) (tstamp 5DD68D68)
    (at 149.4125 122.9 180)
    (descr "Resistor SMD 0603 (1608 Metric), square (rectangular) end terminal, IPC_7351 nominal, (Body size source: http://www.tortai-tech.com/upload/download/2011102023233369053.pdf), generated with kicad-footprint-generator")
    (tags "resistor")
    (path "/5DD6C43C")
    (attr smd)
    (fp_text reference "R13" (at 3.15 0) (layer "B.SilkS")
      (effects (font (size 1 1) (thickness 0.15)) (justify mirror))
    )
    (fp_text value "10k" (at 0 -1.43) (layer "B.Fab")
      (effects (font (size 1 1) (thickness 0.15)) (justify mirror))
    )
    (fp_text user "%R" (at 0 0) (layer "B.Fab")
      (effects (font (size 0.4 0.4) (thickness 0.06)) (justify mirror))
    )
    (fp_line (start 1.48 -0.73) (end -1.48 -0.73) (layer "B.CrtYd") (width 0.05))
    (fp_line (start 1.48 0.73) (end 1.48 -0.73) (layer "B.CrtYd") (width 0.05))
    (fp_line (start -1.48 0.73) (end 1.48 0.73) (layer "B.CrtYd") (width 0.05))
    (fp_line (start -1.48 -0.73) (end -1.48 0.73) (layer "B.CrtYd") (width 0.05))
    (fp_line (start -0.162779 -0.51) (end 0.162779 -0.51) (layer "B.SilkS") (width 0.12))
    (fp_line (start -0.162779 0.51) (end 0.162779 0.51) (layer "B.SilkS") (width 0.12))
    (fp_line (start 0.8 -0.4) (end -0.8 -0.4) (layer "B.Fab") (width 0.1))
    (fp_line (start 0.8 0.4) (end 0.8 -0.4) (layer "B.Fab") (width 0.1))
    (fp_line (start -0.8 0.4) (end 0.8 0.4) (layer "B.Fab") (width 0.1))
    (fp_line (start -0.8 -0.4) (end -0.8 0.4) (layer "B.Fab") (width 0.1))
    (pad "2" smd roundrect (at 0.7875 0 180) (size 0.875 0.95) (layers "B.Cu" "B.Paste" "B.Mask") (roundrect_rratio 0.25)
      (net 10 "CELL+"))
    (pad "1" smd roundrect (at -0.7875 0 180) (size 0.875 0.95) (layers "B.Cu" "B.Paste" "B.Mask") (roundrect_rratio 0.25)
      (net 20 "V_CELL"))
    (model "${KISYS3DMOD}/Resistor_SMD.3dshapes/R_0603_1608Metric.wrl"
      (at (xyz 0 0 0))
      (scale (xyz 1 1 1))
      (rotate (xyz 0 0 0))
    )
  )

  (module "Capacitor_SMD:C_0603_1608Metric" (layer "B.Cu") (tedit 5B301BBE) (tstamp 5DE501B2)
    (at 145.5 105.3 180)
    (descr "Capacitor SMD 0603 (1608 Metric), square (rectangular) end terminal, IPC_7351 nominal, (Body size source: http://www.tortai-tech.com/upload/download/2011102023233369053.pdf), generated with kicad-footprint-generator")
    (tags "capacitor")
    (path "/5E09B456")
    (attr smd)
    (fp_text reference "C6" (at 0 1.43) (layer "B.SilkS")
      (effects (font (size 1 1) (thickness 0.15)) (justify mirror))
    )
    (fp_text value "1u" (at 0 -1.43) (layer "B.Fab")
      (effects (font (size 1 1) (thickness 0.15)) (justify mirror))
    )
    (fp_line (start -0.8 -0.4) (end -0.8 0.4) (layer "B.Fab") (width 0.1))
    (fp_line (start -0.8 0.4) (end 0.8 0.4) (layer "B.Fab") (width 0.1))
    (fp_line (start 0.8 0.4) (end 0.8 -0.4) (layer "B.Fab") (width 0.1))
    (fp_line (start 0.8 -0.4) (end -0.8 -0.4) (layer "B.Fab") (width 0.1))
    (fp_line (start -0.162779 0.51) (end 0.162779 0.51) (layer "B.SilkS") (width 0.12))
    (fp_line (start -0.162779 -0.51) (end 0.162779 -0.51) (layer "B.SilkS") (width 0.12))
    (fp_line (start -1.48 -0.73) (end -1.48 0.73) (layer "B.CrtYd") (width 0.05))
    (fp_line (start -1.48 0.73) (end 1.48 0.73) (layer "B.CrtYd") (width 0.05))
    (fp_line (start 1.48 0.73) (end 1.48 -0.73) (layer "B.CrtYd") (width 0.05))
    (fp_line (start 1.48 -0.73) (end -1.48 -0.73) (layer "B.CrtYd") (width 0.05))
    (fp_text user "%R" (at 0 0) (layer "B.Fab")
      (effects (font (size 0.4 0.4) (thickness 0.06)) (justify mirror))
    )
    (pad "2" smd roundrect (at 0.7875 0 180) (size 0.875 0.95) (layers "B.Cu" "B.Paste" "B.Mask") (roundrect_rratio 0.25)
      (net 29 "Net-(C6-Pad2)"))
    (pad "1" smd roundrect (at -0.7875 0 180) (size 0.875 0.95) (layers "B.Cu" "B.Paste" "B.Mask") (roundrect_rratio 0.25)
      (net 30 "Net-(C6-Pad1)"))
    (model "${KISYS3DMOD}/Capacitor_SMD.3dshapes/C_0603_1608Metric.wrl"
      (at (xyz 0 0 0))
      (scale (xyz 1 1 1))
      (rotate (xyz 0 0 0))
    )
  )

  (module "Resistor_SMD:R_0603_1608Metric" (layer "B.Cu") (tedit 5B301BBD) (tstamp 5DD5493A)
    (at 158.02 112.8)
    (descr "Resistor SMD 0603 (1608 Metric), square (rectangular) end terminal, IPC_7351 nominal, (Body size source: http://www.tortai-tech.com/upload/download/2011102023233369053.pdf), generated with kicad-footprint-generator")
    (tags "resistor")
    (path "/5DD4F6B8")
    (attr smd)
    (fp_text reference "R10" (at 0.25 1.4 180) (layer "B.SilkS")
      (effects (font (size 1 1) (thickness 0.15)) (justify mirror))
    )
    (fp_text value "10k" (at 0 -1.43) (layer "B.Fab")
      (effects (font (size 1 1) (thickness 0.15)) (justify mirror))
    )
    (fp_text user "%R" (at 0 0) (layer "B.Fab")
      (effects (font (size 0.4 0.4) (thickness 0.06)) (justify mirror))
    )
    (fp_line (start 1.48 -0.73) (end -1.48 -0.73) (layer "B.CrtYd") (width 0.05))
    (fp_line (start 1.48 0.73) (end 1.48 -0.73) (layer "B.CrtYd") (width 0.05))
    (fp_line (start -1.48 0.73) (end 1.48 0.73) (layer "B.CrtYd") (width 0.05))
    (fp_line (start -1.48 -0.73) (end -1.48 0.73) (layer "B.CrtYd") (width 0.05))
    (fp_line (start -0.162779 -0.51) (end 0.162779 -0.51) (layer "B.SilkS") (width 0.12))
    (fp_line (start -0.162779 0.51) (end 0.162779 0.51) (layer "B.SilkS") (width 0.12))
    (fp_line (start 0.8 -0.4) (end -0.8 -0.4) (layer "B.Fab") (width 0.1))
    (fp_line (start 0.8 0.4) (end 0.8 -0.4) (layer "B.Fab") (width 0.1))
    (fp_line (start -0.8 0.4) (end 0.8 0.4) (layer "B.Fab") (width 0.1))
    (fp_line (start -0.8 -0.4) (end -0.8 0.4) (layer "B.Fab") (width 0.1))
    (pad "2" smd roundrect (at 0.7875 0) (size 0.875 0.95) (layers "B.Cu" "B.Paste" "B.Mask") (roundrect_rratio 0.25)
      (net 6 "GND"))
    (pad "1" smd roundrect (at -0.7875 0) (size 0.875 0.95) (layers "B.Cu" "B.Paste" "B.Mask") (roundrect_rratio 0.25)
      (net 27 "Net-(C9-Pad2)"))
    (model "${KISYS3DMOD}/Resistor_SMD.3dshapes/R_0603_1608Metric.wrl"
      (at (xyz 0 0 0))
      (scale (xyz 1 1 1))
      (rotate (xyz 0 0 0))
    )
  )

  (module "Capacitor_SMD:C_0603_1608Metric" (layer "B.Cu") (tedit 5B301BBE) (tstamp 5DD2D699)
    (at 145.5 103.7 180)
    (descr "Capacitor SMD 0603 (1608 Metric), square (rectangular) end terminal, IPC_7351 nominal, (Body size source: http://www.tortai-tech.com/upload/download/2011102023233369053.pdf), generated with kicad-footprint-generator")
    (tags "capacitor")
    (path "/5DDF4BFC")
    (attr smd)
    (fp_text reference "C1" (at 0 1.43) (layer "B.SilkS")
      (effects (font (size 1 1) (thickness 0.15)) (justify mirror))
    )
    (fp_text value ".01u" (at 0 -1.43) (layer "B.Fab")
      (effects (font (size 1 1) (thickness 0.15)) (justify mirror))
    )
    (fp_text user "%R" (at 0 0) (layer "B.Fab")
      (effects (font (size 0.4 0.4) (thickness 0.06)) (justify mirror))
    )
    (fp_line (start 1.48 -0.73) (end -1.48 -0.73) (layer "B.CrtYd") (width 0.05))
    (fp_line (start 1.48 0.73) (end 1.48 -0.73) (layer "B.CrtYd") (width 0.05))
    (fp_line (start -1.48 0.73) (end 1.48 0.73) (layer "B.CrtYd") (width 0.05))
    (fp_line (start -1.48 -0.73) (end -1.48 0.73) (layer "B.CrtYd") (width 0.05))
    (fp_line (start -0.162779 -0.51) (end 0.162779 -0.51) (layer "B.SilkS") (width 0.12))
    (fp_line (start -0.162779 0.51) (end 0.162779 0.51) (layer "B.SilkS") (width 0.12))
    (fp_line (start 0.8 -0.4) (end -0.8 -0.4) (layer "B.Fab") (width 0.1))
    (fp_line (start 0.8 0.4) (end 0.8 -0.4) (layer "B.Fab") (width 0.1))
    (fp_line (start -0.8 0.4) (end 0.8 0.4) (layer "B.Fab") (width 0.1))
    (fp_line (start -0.8 -0.4) (end -0.8 0.4) (layer "B.Fab") (width 0.1))
    (pad "2" smd roundrect (at 0.7875 0 180) (size 0.875 0.95) (layers "B.Cu" "B.Paste" "B.Mask") (roundrect_rratio 0.25)
      (net 1 "Net-(C1-Pad2)"))
    (pad "1" smd roundrect (at -0.7875 0 180) (size 0.875 0.95) (layers "B.Cu" "B.Paste" "B.Mask") (roundrect_rratio 0.25)
      (net 6 "GND"))
    (model "${KISYS3DMOD}/Capacitor_SMD.3dshapes/C_0603_1608Metric.wrl"
      (at (xyz 0 0 0))
      (scale (xyz 1 1 1))
      (rotate (xyz 0 0 0))
    )
  )

  (module "wogglebug:supercap" (layer "B.Cu") (tedit 5DD4A871) (tstamp 5DE62BC1)
    (at 151.1 113.5 180)
    (descr "CP, Radial series, Radial, pin pitch=2.50mm, , diameter=6.3mm, Electrolytic Capacitor")
    (tags "CP Radial series Radial pin pitch 2.50mm  diameter 6.3mm Electrolytic Capacitor")
    (path "/5DD26B8A")
    (fp_text reference "C8" (at 3.5 -0.3) (layer "B.SilkS")
      (effects (font (size 1 1) (thickness 0.15)) (justify mirror))
    )
    (fp_text value "1F 3V" (at 7.5 -4.37) (layer "B.Fab")
      (effects (font (size 1 1) (thickness 0.15)) (justify mirror))
    )
    (fp_line (start -1.443972 1.3735) (end -0.813972 1.3735) (layer "B.Fab") (width 0.1))
    (fp_line (start -1.128972 1.6885) (end -1.128972 1.0585) (layer "B.Fab") (width 0.1))
    (fp_line (start -1.63 0) (end -1 0) (layer "B.SilkS") (width 0.12))
    (fp_line (start -1.315 0.315) (end -1.315 -0.315) (layer "B.SilkS") (width 0.12))
    (fp_text user "%R" (at 7.5 0) (layer "B.Fab")
      (effects (font (size 1 1) (thickness 0.15)) (justify mirror))
    )
    (fp_line (start -2 -1) (end 4.3 -1) (layer "B.SilkS") (width 0.15))
    (fp_line (start 4.3 -1) (end 4.3 -13) (layer "B.SilkS") (width 0.15))
    (fp_line (start 4.3 -13) (end -2 -13) (layer "B.SilkS") (width 0.15))
    (fp_line (start -2 -13) (end -2 -1) (layer "B.SilkS") (width 0.15))
    (fp_text user "SUPERCAP" (at 1.2 -6.9 90 unlocked) (layer "B.SilkS")
      (effects (font (size 1 1) (thickness 0.15)) (justify mirror))
    )
    (pad "2" thru_hole circle (at 2.3 0 180) (size 1.6 1.6) (drill 0.8) (layers *.Cu *.Mask)
      (net 6 "GND"))
    (pad "1" thru_hole rect (at 0 0 180) (size 1.6 1.6) (drill 0.8) (layers *.Cu *.Mask)
      (net 7 "+VDC"))
    (model "/home/user/schems/wogglebug/wogglebug/Cylinder002.wrl"
      (at (xyz 0 0 0))
      (scale (xyz 1 1 1))
      (rotate (xyz 0 0 0))
    )
  )

  (module "Connector_PinHeader_2.00mm:PinHeader_1x02_P2.00mm_Vertical" (layer "F.Cu") (tedit 59FED667) (tstamp 5DD2F6B2)
    (at 147.5 101.1 -90)
    (descr "Through hole straight pin header, 1x02, 2.00mm pitch, single row")
    (tags "Through hole pin header THT 1x02 2.00mm single row")
    (path "/5DD2142C")
    (fp_text reference "R3" (at 0 -2.06 90) (layer "F.SilkS")
      (effects (font (size 1 1) (thickness 0.15)))
    )
    (fp_text value " " (at 0 4.06 90) (layer "F.Fab")
      (effects (font (size 1 1) (thickness 0.15)))
    )
    (fp_text user "%R" (at 0 1) (layer "F.Fab")
      (effects (font (size 1 1) (thickness 0.15)))
    )
    (fp_line (start 1.5 -1.5) (end -1.5 -1.5) (layer "F.CrtYd") (width 0.05))
    (fp_line (start 1.5 3.5) (end 1.5 -1.5) (layer "F.CrtYd") (width 0.05))
    (fp_line (start -1.5 3.5) (end 1.5 3.5) (layer "F.CrtYd") (width 0.05))
    (fp_line (start -1.5 -1.5) (end -1.5 3.5) (layer "F.CrtYd") (width 0.05))
    (fp_line (start -1.06 -1.06) (end 0 -1.06) (layer "F.SilkS") (width 0.12))
    (fp_line (start -1.06 0) (end -1.06 -1.06) (layer "F.SilkS") (width 0.12))
    (fp_line (start -1.06 1) (end 1.06 1) (layer "F.SilkS") (width 0.12))
    (fp_line (start 1.06 1) (end 1.06 3.06) (layer "F.SilkS") (width 0.12))
    (fp_line (start -1.06 1) (end -1.06 3.06) (layer "F.SilkS") (width 0.12))
    (fp_line (start -1.06 3.06) (end 1.06 3.06) (layer "F.SilkS") (width 0.12))
    (fp_line (start -1 -0.5) (end -0.5 -1) (layer "F.Fab") (width 0.1))
    (fp_line (start -1 3) (end -1 -0.5) (layer "F.Fab") (width 0.1))
    (fp_line (start 1 3) (end -1 3) (layer "F.Fab") (width 0.1))
    (fp_line (start 1 -1) (end 1 3) (layer "F.Fab") (width 0.1))
    (fp_line (start -0.5 -1) (end 1 -1) (layer "F.Fab") (width 0.1))
    (pad "2" thru_hole oval (at 0 2 270) (size 1.35 1.35) (drill 0.8) (layers *.Cu *.Mask)
      (net 14 "EYE_L"))
    (pad "1" thru_hole rect (at 0 0 270) (size 1.35 1.35) (drill 0.8) (layers *.Cu *.Mask)
      (net 8 "SENSEPWR"))
    (model "${KISYS3DMOD}/Connector_PinHeader_2.00mm.3dshapes/PinHeader_1x02_P2.00mm_Vertical.wrl"
      (at (xyz 0 0 0))
      (scale (xyz 1 1 1))
      (rotate (xyz 0 0 0))
    )
  )

  (module "Resistor_SMD:R_0603_1608Metric" (layer "B.Cu") (tedit 5B301BBD) (tstamp 5DD2D86A)
    (at 154.1 104.3)
    (descr "Resistor SMD 0603 (1608 Metric), square (rectangular) end terminal, IPC_7351 nominal, (Body size source: http://www.tortai-tech.com/upload/download/2011102023233369053.pdf), generated with kicad-footprint-generator")
    (tags "resistor")
    (path "/5DD58306")
    (attr smd)
    (fp_text reference "R9" (at 1.7 0 90) (layer "B.SilkS")
      (effects (font (size 1 1) (thickness 0.15)) (justify mirror))
    )
    (fp_text value "10k" (at 0 -1.43) (layer "B.Fab")
      (effects (font (size 1 1) (thickness 0.15)) (justify mirror))
    )
    (fp_text user "%R" (at 0 0) (layer "B.Fab")
      (effects (font (size 0.4 0.4) (thickness 0.06)) (justify mirror))
    )
    (fp_line (start 1.48 -0.73) (end -1.48 -0.73) (layer "B.CrtYd") (width 0.05))
    (fp_line (start 1.48 0.73) (end 1.48 -0.73) (layer "B.CrtYd") (width 0.05))
    (fp_line (start -1.48 0.73) (end 1.48 0.73) (layer "B.CrtYd") (width 0.05))
    (fp_line (start -1.48 -0.73) (end -1.48 0.73) (layer "B.CrtYd") (width 0.05))
    (fp_line (start -0.162779 -0.51) (end 0.162779 -0.51) (layer "B.SilkS") (width 0.12))
    (fp_line (start -0.162779 0.51) (end 0.162779 0.51) (layer "B.SilkS") (width 0.12))
    (fp_line (start 0.8 -0.4) (end -0.8 -0.4) (layer "B.Fab") (width 0.1))
    (fp_line (start 0.8 0.4) (end 0.8 -0.4) (layer "B.Fab") (width 0.1))
    (fp_line (start -0.8 0.4) (end 0.8 0.4) (layer "B.Fab") (width 0.1))
    (fp_line (start -0.8 -0.4) (end -0.8 0.4) (layer "B.Fab") (width 0.1))
    (pad "2" smd roundrect (at 0.7875 0) (size 0.875 0.95) (layers "B.Cu" "B.Paste" "B.Mask") (roundrect_rratio 0.25)
      (net 32 "RADIOPWR"))
    (pad "1" smd roundrect (at -0.7875 0) (size 0.875 0.95) (layers "B.Cu" "B.Paste" "B.Mask") (roundrect_rratio 0.25)
      (net 5 "Net-(C3-Pad1)"))
    (model "${KISYS3DMOD}/Resistor_SMD.3dshapes/R_0603_1608Metric.wrl"
      (at (xyz 0 0 0))
      (scale (xyz 1 1 1))
      (rotate (xyz 0 0 0))
    )
  )

  (module "wogglebug:MagBuzzer" (layer "F.Cu") (tedit 5DDEFAA0) (tstamp 5DE4F755)
    (at 146 118.75 -30)
    (path "/5DD9CE83")
    (fp_text reference "LS1" (at 0 0.5 -30 unlocked) (layer "F.SilkS")
      (effects (font (size 1 1) (thickness 0.15)))
    )
    (fp_text value "Speaker" (at 0 -0.5 -30 unlocked) (layer "F.Fab")
      (effects (font (size 1 1) (thickness 0.15)))
    )
    (fp_circle (center 0 0) (end 0 6) (layer "F.SilkS") (width 0.15))
    (pad "1" thru_hole circle (at -3.25 0 330) (size 1.25 1.25) (drill 0.65) (layers *.Cu *.Mask)
      (net 4 "Net-(C2-Pad1)"))
    (pad "2" thru_hole circle (at 3.25 0 330) (size 1.25 1.25) (drill 0.65) (layers *.Cu *.Mask)
      (net 6 "GND"))
    (model "MagSpeaker"
      (at (xyz 0 0 0))
      (scale (xyz 1 1 1))
      (rotate (xyz 0 0 0))
    )
    (model "${KIPRJMOD}/MagSpeaker.step"
      (at (xyz 0 0 0))
      (scale (xyz 1 1 1))
      (rotate (xyz 0 0 0))
    )
  )

  (module "wogglebug:tiltswitch" (layer "F.Cu") (tedit 5DD4A344) (tstamp 5DD50738)
    (at 148.735 108.06)
    (descr "Through hole straight pin header, 1x02, 2.54mm pitch, single row")
    (tags "Through hole pin header THT 1x02 2.54mm single row")
    (path "/5DDB1808")
    (fp_text reference "SW1" (at 0 -2.33) (layer "F.SilkS")
      (effects (font (size 1 1) (thickness 0.15)))
    )
    (fp_text value "SW_DIP_x02" (at 0 4.87) (layer "F.Fab")
      (effects (font (size 1 1) (thickness 0.15)))
    )
    (fp_text user "TILT" (at 1.25 4.25 unlocked) (layer "F.SilkS")
      (effects (font (size 1 1) (thickness 0.15)))
    )
    (fp_text user "%R" (at 2.54 1.27 90) (layer "F.Fab")
      (effects (font (size 1 1) (thickness 0.15)))
    )
    (fp_text user "%R" (at 2.54 1.27 90) (layer "F.Fab")
      (effects (font (size 1 1) (thickness 0.15)))
    )
    (fp_line (start -2 -2) (end 4.5 -2) (layer "F.SilkS") (width 0.15))
    (fp_line (start 4.5 -2) (end 4.5 4.5) (layer "F.SilkS") (width 0.15))
    (fp_line (start 4.5 4.5) (end -2 4.5) (layer "F.SilkS") (width 0.15))
    (fp_line (start -2 4.5) (end -2 -2) (layer "F.SilkS") (width 0.15))
    (pad "1" thru_hole rect (at 0 0) (size 1.7 1.7) (drill 1) (layers *.Cu *.Mask)
      (net 7 "+VDC"))
    (pad "2" thru_hole oval (at 0 2.54) (size 1.7 1.7) (drill 1) (layers *.Cu *.Mask)
      (net 7 "+VDC"))
    (pad "3" thru_hole rect (at 2.54 0) (size 1.7 1.7) (drill 1) (layers *.Cu *.Mask)
      (net 17 "TILT"))
    (pad "4" thru_hole oval (at 2.54 2.54) (size 1.7 1.7) (drill 1) (layers *.Cu *.Mask)
      (net 17 "TILT"))
    (model "/home/user/schems/wogglebug/wogglebug/tiltswitch.wrl"
      (at (xyz 0 0 0))
      (scale (xyz 1 1 1))
      (rotate (xyz 0 0 0))
    )
  )

  (module "Resistor_SMD:R_0603_1608Metric" (layer "B.Cu") (tedit 5B301BBD) (tstamp 5DD789A0)
    (at 158.02 101.15)
    (descr "Resistor SMD 0603 (1608 Metric), square (rectangular) end terminal, IPC_7351 nominal, (Body size source: http://www.tortai-tech.com/upload/download/2011102023233369053.pdf), generated with kicad-footprint-generator")
    (tags "resistor")
    (path "/5DD490C8")
    (attr smd)
    (fp_text reference "R6" (at 0.5 0.05) (layer "B.SilkS")
      (effects (font (size 1 1) (thickness 0.15)) (justify mirror))
    )
    (fp_text value "51k" (at 0 -1.43) (layer "B.Fab")
      (effects (font (size 1 1) (thickness 0.15)) (justify mirror))
    )
    (fp_text user "%R" (at 0 0) (layer "B.Fab")
      (effects (font (size 0.4 0.4) (thickness 0.06)) (justify mirror))
    )
    (fp_line (start 1.48 -0.73) (end -1.48 -0.73) (layer "B.CrtYd") (width 0.05))
    (fp_line (start 1.48 0.73) (end 1.48 -0.73) (layer "B.CrtYd") (width 0.05))
    (fp_line (start -1.48 0.73) (end 1.48 0.73) (layer "B.CrtYd") (width 0.05))
    (fp_line (start -1.48 -0.73) (end -1.48 0.73) (layer "B.CrtYd") (width 0.05))
    (fp_line (start -0.162779 -0.51) (end 0.162779 -0.51) (layer "B.SilkS") (width 0.12))
    (fp_line (start -0.162779 0.51) (end 0.162779 0.51) (layer "B.SilkS") (width 0.12))
    (fp_line (start 0.8 -0.4) (end -0.8 -0.4) (layer "B.Fab") (width 0.1))
    (fp_line (start 0.8 0.4) (end 0.8 -0.4) (layer "B.Fab") (width 0.1))
    (fp_line (start -0.8 0.4) (end 0.8 0.4) (layer "B.Fab") (width 0.1))
    (fp_line (start -0.8 -0.4) (end -0.8 0.4) (layer "B.Fab") (width 0.1))
    (pad "2" smd roundrect (at 0.7875 0) (size 0.875 0.95) (layers "B.Cu" "B.Paste" "B.Mask") (roundrect_rratio 0.25)
      (net 2 "-VDC"))
    (pad "1" smd roundrect (at -0.7875 0) (size 0.875 0.95) (layers "B.Cu" "B.Paste" "B.Mask") (roundrect_rratio 0.25)
      (net 15 "EYE_R"))
    (model "${KISYS3DMOD}/Resistor_SMD.3dshapes/R_0603_1608Metric.wrl"
      (at (xyz 0 0 0))
      (scale (xyz 1 1 1))
      (rotate (xyz 0 0 0))
    )
  )

  (module "Resistor_SMD:R_0603_1608Metric" (layer "B.Cu") (tedit 5B301BBD) (tstamp 5DE575B1)
    (at 145.7 107.5 180)
    (descr "Resistor SMD 0603 (1608 Metric), square (rectangular) end terminal, IPC_7351 nominal, (Body size source: http://www.tortai-tech.com/upload/download/2011102023233369053.pdf), generated with kicad-footprint-generator")
    (tags "resistor")
    (path "/5DD7F6CF")
    (attr smd)
    (fp_text reference "R1" (at 0 1.43) (layer "B.SilkS")
      (effects (font (size 1 1) (thickness 0.15)) (justify mirror))
    )
    (fp_text value "470k" (at 0 -1.43) (layer "B.Fab")
      (effects (font (size 1 1) (thickness 0.15)) (justify mirror))
    )
    (fp_text user "%R" (at 0 0) (layer "B.Fab")
      (effects (font (size 0.4 0.4) (thickness 0.06)) (justify mirror))
    )
    (fp_line (start 1.48 -0.73) (end -1.48 -0.73) (layer "B.CrtYd") (width 0.05))
    (fp_line (start 1.48 0.73) (end 1.48 -0.73) (layer "B.CrtYd") (width 0.05))
    (fp_line (start -1.48 0.73) (end 1.48 0.73) (layer "B.CrtYd") (width 0.05))
    (fp_line (start -1.48 -0.73) (end -1.48 0.73) (layer "B.CrtYd") (width 0.05))
    (fp_line (start -0.162779 -0.51) (end 0.162779 -0.51) (layer "B.SilkS") (width 0.12))
    (fp_line (start -0.162779 0.51) (end 0.162779 0.51) (layer "B.SilkS") (width 0.12))
    (fp_line (start 0.8 -0.4) (end -0.8 -0.4) (layer "B.Fab") (width 0.1))
    (fp_line (start 0.8 0.4) (end 0.8 -0.4) (layer "B.Fab") (width 0.1))
    (fp_line (start -0.8 0.4) (end 0.8 0.4) (layer "B.Fab") (width 0.1))
    (fp_line (start -0.8 -0.4) (end -0.8 0.4) (layer "B.Fab") (width 0.1))
    (pad "2" smd roundrect (at 0.7875 0 180) (size 0.875 0.95) (layers "B.Cu" "B.Paste" "B.Mask") (roundrect_rratio 0.25)
      (net 2 "-VDC"))
    (pad "1" smd roundrect (at -0.7875 0 180) (size 0.875 0.95) (layers "B.Cu" "B.Paste" "B.Mask") (roundrect_rratio 0.25)
      (net 17 "TILT"))
    (model "${KISYS3DMOD}/Resistor_SMD.3dshapes/R_0603_1608Metric.wrl"
      (at (xyz 0 0 0))
      (scale (xyz 1 1 1))
      (rotate (xyz 0 0 0))
    )
  )

  (module "Connector_PinSocket_2.54mm:PinSocket_1x08_P2.54mm_Vertical" (layer "F.Cu") (tedit 5A19A420) (tstamp 5DD5D167)
    (at 141.12 126.2 90)
    (descr "Through hole straight socket strip, 1x08, 2.54mm pitch, single row (from Kicad 4.0.7), script generated")
    (tags "Through hole socket strip THT 1x08 2.54mm single row")
    (path "/5DEB29B8")
    (fp_text reference "J1" (at 0 -2.77 90) (layer "F.SilkS")
      (effects (font (size 1 1) (thickness 0.15)))
    )
    (fp_text value "Conn_01x08_Female" (at 0 20.55 90) (layer "F.Fab")
      (effects (font (size 1 1) (thickness 0.15)))
    )
    (fp_text user "%R" (at 0 8.89) (layer "F.Fab")
      (effects (font (size 1 1) (thickness 0.15)))
    )
    (fp_line (start -1.8 19.55) (end -1.8 -1.8) (layer "F.CrtYd") (width 0.05))
    (fp_line (start 1.75 19.55) (end -1.8 19.55) (layer "F.CrtYd") (width 0.05))
    (fp_line (start 1.75 -1.8) (end 1.75 19.55) (layer "F.CrtYd") (width 0.05))
    (fp_line (start -1.8 -1.8) (end 1.75 -1.8) (layer "F.CrtYd") (width 0.05))
    (fp_line (start 0 -1.33) (end 1.33 -1.33) (layer "F.SilkS") (width 0.12))
    (fp_line (start 1.33 -1.33) (end 1.33 0) (layer "F.SilkS") (width 0.12))
    (fp_line (start 1.33 1.27) (end 1.33 19.11) (layer "F.SilkS") (width 0.12))
    (fp_line (start -1.33 19.11) (end 1.33 19.11) (layer "F.SilkS") (width 0.12))
    (fp_line (start -1.33 1.27) (end -1.33 19.11) (layer "F.SilkS") (width 0.12))
    (fp_line (start -1.33 1.27) (end 1.33 1.27) (layer "F.SilkS") (width 0.12))
    (fp_line (start -1.27 19.05) (end -1.27 -1.27) (layer "F.Fab") (width 0.1))
    (fp_line (start 1.27 19.05) (end -1.27 19.05) (layer "F.Fab") (width 0.1))
    (fp_line (start 1.27 -0.635) (end 1.27 19.05) (layer "F.Fab") (width 0.1))
    (fp_line (start 0.635 -1.27) (end 1.27 -0.635) (layer "F.Fab") (width 0.1))
    (fp_line (start -1.27 -1.27) (end 0.635 -1.27) (layer "F.Fab") (width 0.1))
    (pad "8" thru_hole oval (at 0 17.78 90) (size 1.7 1.7) (drill 1) (layers *.Cu *.Mask)
      (net 21 "TOUCH"))
    (pad "7" thru_hole oval (at 0 15.24 90) (size 1.7 1.7) (drill 1) (layers *.Cu *.Mask)
      (net 25 "RDIODE"))
    (pad "6" thru_hole oval (at 0 12.7 90) (size 1.7 1.7) (drill 1) (layers *.Cu *.Mask)
      (net 26 "GDIODE"))
    (pad "5" thru_hole oval (at 0 10.16 90) (size 1.7 1.7) (drill 1) (layers *.Cu *.Mask)
      (net 11 "SERIAL_IN"))
    (pad "4" thru_hole oval (at 0 7.62 90) (size 1.7 1.7) (drill 1) (layers *.Cu *.Mask)
      (net 12 "SERIAL_OUT"))
    (pad "3" thru_hole oval (at 0 5.08 90) (size 1.7 1.7) (drill 1) (layers *.Cu *.Mask)
      (net 10 "CELL+"))
    (pad "2" thru_hole oval (at 0 2.54 90) (size 1.7 1.7) (drill 1) (layers *.Cu *.Mask)
      (net 2 "-VDC"))
    (pad "1" thru_hole rect (at 0 0 90) (size 1.7 1.7) (drill 1) (layers *.Cu *.Mask)
      (net 6 "GND"))
    (model "${KISYS3DMOD}/Connector_PinSocket_2.54mm.3dshapes/PinSocket_1x08_P2.54mm_Vertical.wrl"
      (at (xyz 0 0 0))
      (scale (xyz 1 1 1))
      (rotate (xyz 0 0 0))
    )
  )

  (module "Capacitor_SMD:C_0603_1608Metric" (layer "B.Cu") (tedit 5B301BBE) (tstamp 5DE50E8A)
    (at 157.2 114.3 180)
    (descr "Capacitor SMD 0603 (1608 Metric), square (rectangular) end terminal, IPC_7351 nominal, (Body size source: http://www.tortai-tech.com/upload/download/2011102023233369053.pdf), generated with kicad-footprint-generator")
    (tags "capacitor")
    (path "/5DF180B0")
    (attr smd)
    (fp_text reference "C10" (at 0 1.43 180) (layer "B.SilkS")
      (effects (font (size 1 1) (thickness 0.15)) (justify mirror))
    )
    (fp_text value "1000p" (at 0 -1.43 180) (layer "B.Fab")
      (effects (font (size 1 1) (thickness 0.15)) (justify mirror))
    )
    (fp_line (start -0.8 -0.4) (end -0.8 0.4) (layer "B.Fab") (width 0.1))
    (fp_line (start -0.8 0.4) (end 0.8 0.4) (layer "B.Fab") (width 0.1))
    (fp_line (start 0.8 0.4) (end 0.8 -0.4) (layer "B.Fab") (width 0.1))
    (fp_line (start 0.8 -0.4) (end -0.8 -0.4) (layer "B.Fab") (width 0.1))
    (fp_line (start -0.162779 0.51) (end 0.162779 0.51) (layer "B.SilkS") (width 0.12))
    (fp_line (start -0.162779 -0.51) (end 0.162779 -0.51) (layer "B.SilkS") (width 0.12))
    (fp_line (start -1.48 -0.73) (end -1.48 0.73) (layer "B.CrtYd") (width 0.05))
    (fp_line (start -1.48 0.73) (end 1.48 0.73) (layer "B.CrtYd") (width 0.05))
    (fp_line (start 1.48 0.73) (end 1.48 -0.73) (layer "B.CrtYd") (width 0.05))
    (fp_line (start 1.48 -0.73) (end -1.48 -0.73) (layer "B.CrtYd") (width 0.05))
    (fp_text user "%R" (at 0 0 180) (layer "B.Fab")
      (effects (font (size 0.4 0.4) (thickness 0.06)) (justify mirror))
    )
    (pad "2" smd roundrect (at 0.7875 0 180) (size 0.875 0.95) (layers "B.Cu" "B.Paste" "B.Mask") (roundrect_rratio 0.25)
      (net 28 "Net-(C10-Pad2)"))
    (pad "1" smd roundrect (at -0.7875 0 180) (size 0.875 0.95) (layers "B.Cu" "B.Paste" "B.Mask") (roundrect_rratio 0.25)
      (net 3 "AMPSIG"))
    (model "${KISYS3DMOD}/Capacitor_SMD.3dshapes/C_0603_1608Metric.wrl"
      (at (xyz 0 0 0))
      (scale (xyz 1 1 1))
      (rotate (xyz 0 0 0))
    )
  )

  (module "Resistor_SMD:R_0603_1608Metric" (layer "B.Cu") (tedit 5B301BBD) (tstamp 5DD48B9D)
    (at 150 101.2 180)
    (descr "Resistor SMD 0603 (1608 Metric), square (rectangular) end terminal, IPC_7351 nominal, (Body size source: http://www.tortai-tech.com/upload/download/2011102023233369053.pdf), generated with kicad-footprint-generator")
    (tags "resistor")
    (path "/5DD5B942")
    (attr smd)
    (fp_text reference "R8" (at 1.2 -1.45 180) (layer "B.SilkS")
      (effects (font (size 1 1) (thickness 0.15)) (justify mirror))
    )
    (fp_text value "100k" (at 0 -1.43 180) (layer "B.Fab")
      (effects (font (size 1 1) (thickness 0.15)) (justify mirror))
    )
    (fp_text user "%R" (at 0 0 180) (layer "B.Fab")
      (effects (font (size 0.4 0.4) (thickness 0.06)) (justify mirror))
    )
    (fp_line (start 1.48 -0.73) (end -1.48 -0.73) (layer "B.CrtYd") (width 0.05))
    (fp_line (start 1.48 0.73) (end 1.48 -0.73) (layer "B.CrtYd") (width 0.05))
    (fp_line (start -1.48 0.73) (end 1.48 0.73) (layer "B.CrtYd") (width 0.05))
    (fp_line (start -1.48 -0.73) (end -1.48 0.73) (layer "B.CrtYd") (width 0.05))
    (fp_line (start -0.162779 -0.51) (end 0.162779 -0.51) (layer "B.SilkS") (width 0.12))
    (fp_line (start -0.162779 0.51) (end 0.162779 0.51) (layer "B.SilkS") (width 0.12))
    (fp_line (start 0.8 -0.4) (end -0.8 -0.4) (layer "B.Fab") (width 0.1))
    (fp_line (start 0.8 0.4) (end 0.8 -0.4) (layer "B.Fab") (width 0.1))
    (fp_line (start -0.8 0.4) (end 0.8 0.4) (layer "B.Fab") (width 0.1))
    (fp_line (start -0.8 -0.4) (end -0.8 0.4) (layer "B.Fab") (width 0.1))
    (pad "2" smd roundrect (at 0.7875 0 180) (size 0.875 0.95) (layers "B.Cu" "B.Paste" "B.Mask") (roundrect_rratio 0.25)
      (net 1 "Net-(C1-Pad2)"))
    (pad "1" smd roundrect (at -0.7875 0 180) (size 0.875 0.95) (layers "B.Cu" "B.Paste" "B.Mask") (roundrect_rratio 0.25)
      (net 5 "Net-(C3-Pad1)"))
    (model "${KISYS3DMOD}/Resistor_SMD.3dshapes/R_0603_1608Metric.wrl"
      (at (xyz 0 0 0))
      (scale (xyz 1 1 1))
      (rotate (xyz 0 0 0))
    )
  )

  (module "Diode_SMD:D_SOD-123" (layer "B.Cu") (tedit 58645DC7) (tstamp 5DE4F40F)
    (at 142.6 121.1 -90)
    (descr "SOD-123")
    (tags "SOD-123")
    (path "/5E0D7B44")
    (attr smd)
    (fp_text reference "D4" (at 0 2 90) (layer "B.SilkS")
      (effects (font (size 1 1) (thickness 0.15)) (justify mirror))
    )
    (fp_text value "BAT54GW" (at 0 -2.1 90) (layer "B.Fab")
      (effects (font (size 1 1) (thickness 0.15)) (justify mirror))
    )
    (fp_text user "%R" (at 0 2 90) (layer "B.Fab")
      (effects (font (size 1 1) (thickness 0.15)) (justify mirror))
    )
    (fp_line (start -2.25 1) (end -2.25 -1) (layer "B.SilkS") (width 0.12))
    (fp_line (start 0.25 0) (end 0.75 0) (layer "B.Fab") (width 0.1))
    (fp_line (start 0.25 -0.4) (end -0.35 0) (layer "B.Fab") (width 0.1))
    (fp_line (start 0.25 0.4) (end 0.25 -0.4) (layer "B.Fab") (width 0.1))
    (fp_line (start -0.35 0) (end 0.25 0.4) (layer "B.Fab") (width 0.1))
    (fp_line (start -0.35 0) (end -0.35 -0.55) (layer "B.Fab") (width 0.1))
    (fp_line (start -0.35 0) (end -0.35 0.55) (layer "B.Fab") (width 0.1))
    (fp_line (start -0.75 0) (end -0.35 0) (layer "B.Fab") (width 0.1))
    (fp_line (start -1.4 -0.9) (end -1.4 0.9) (layer "B.Fab") (width 0.1))
    (fp_line (start 1.4 -0.9) (end -1.4 -0.9) (layer "B.Fab") (width 0.1))
    (fp_line (start 1.4 0.9) (end 1.4 -0.9) (layer "B.Fab") (width 0.1))
    (fp_line (start -1.4 0.9) (end 1.4 0.9) (layer "B.Fab") (width 0.1))
    (fp_line (start -2.35 1.15) (end 2.35 1.15) (layer "B.CrtYd") (width 0.05))
    (fp_line (start 2.35 1.15) (end 2.35 -1.15) (layer "B.CrtYd") (width 0.05))
    (fp_line (start 2.35 -1.15) (end -2.35 -1.15) (layer "B.CrtYd") (width 0.05))
    (fp_line (start -2.35 1.15) (end -2.35 -1.15) (layer "B.CrtYd") (width 0.05))
    (fp_line (start -2.25 -1) (end 1.65 -1) (layer "B.SilkS") (width 0.12))
    (fp_line (start -2.25 1) (end 1.65 1) (layer "B.SilkS") (width 0.12))
    (pad "2" smd rect (at 1.65 0 270) (size 0.9 1.2) (layers "B.Cu" "B.Paste" "B.Mask")
      (net 10 "CELL+"))
    (pad "1" smd rect (at -1.65 0 270) (size 0.9 1.2) (layers "B.Cu" "B.Paste" "B.Mask")
      (net 7 "+VDC"))
    (model "${KISYS3DMOD}/Diode_SMD.3dshapes/D_SOD-123.wrl"
      (at (xyz 0 0 0))
      (scale (xyz 1 1 1))
      (rotate (xyz 0 0 0))
    )
  )

  (module "Resistor_SMD:R_0603_1608Metric" (layer "B.Cu") (tedit 5B301BBD) (tstamp 5DDAA4FF)
    (at 142.0805 102.73 180)
    (descr "Resistor SMD 0603 (1608 Metric), square (rectangular) end terminal, IPC_7351 nominal, (Body size source: http://www.tortai-tech.com/upload/download/2011102023233369053.pdf), generated with kicad-footprint-generator")
    (tags "resistor")
    (path "/5DD5122E")
    (attr smd)
    (fp_text reference "R16" (at -2.9 0) (layer "B.SilkS")
      (effects (font (size 1 1) (thickness 0.15)) (justify mirror))
    )
    (fp_text value "1M" (at 0 -1.43) (layer "B.Fab")
      (effects (font (size 1 1) (thickness 0.15)) (justify mirror))
    )
    (fp_line (start -0.8 -0.4) (end -0.8 0.4) (layer "B.Fab") (width 0.1))
    (fp_line (start -0.8 0.4) (end 0.8 0.4) (layer "B.Fab") (width 0.1))
    (fp_line (start 0.8 0.4) (end 0.8 -0.4) (layer "B.Fab") (width 0.1))
    (fp_line (start 0.8 -0.4) (end -0.8 -0.4) (layer "B.Fab") (width 0.1))
    (fp_line (start -0.162779 0.51) (end 0.162779 0.51) (layer "B.SilkS") (width 0.12))
    (fp_line (start -0.162779 -0.51) (end 0.162779 -0.51) (layer "B.SilkS") (width 0.12))
    (fp_line (start -1.48 -0.73) (end -1.48 0.73) (layer "B.CrtYd") (width 0.05))
    (fp_line (start -1.48 0.73) (end 1.48 0.73) (layer "B.CrtYd") (width 0.05))
    (fp_line (start 1.48 0.73) (end 1.48 -0.73) (layer "B.CrtYd") (width 0.05))
    (fp_line (start 1.48 -0.73) (end -1.48 -0.73) (layer "B.CrtYd") (width 0.05))
    (fp_text user "%R" (at 0 0) (layer "B.Fab")
      (effects (font (size 0.4 0.4) (thickness 0.06)) (justify mirror))
    )
    (pad "2" smd roundrect (at 0.7875 0 180) (size 0.875 0.95) (layers "B.Cu" "B.Paste" "B.Mask") (roundrect_rratio 0.25)
      (net 23 "Net-(Q1-Pad2)"))
    (pad "1" smd roundrect (at -0.7875 0 180) (size 0.875 0.95) (layers "B.Cu" "B.Paste" "B.Mask") (roundrect_rratio 0.25)
      (net 14 "EYE_L"))
    (model "${KISYS3DMOD}/Resistor_SMD.3dshapes/R_0603_1608Metric.wrl"
      (at (xyz 0 0 0))
      (scale (xyz 1 1 1))
      (rotate (xyz 0 0 0))
    )
  )

  (module "Capacitor_SMD:C_0603_1608Metric" (layer "B.Cu") (tedit 5B301BBE) (tstamp 5DE4E15C)
    (at 145.7 110.5)
    (descr "Capacitor SMD 0603 (1608 Metric), square (rectangular) end terminal, IPC_7351 nominal, (Body size source: http://www.tortai-tech.com/upload/download/2011102023233369053.pdf), generated with kicad-footprint-generator")
    (tags "capacitor")
    (path "/5E0A610C")
    (attr smd)
    (fp_text reference "C5" (at 0 1.43) (layer "B.SilkS")
      (effects (font (size 1 1) (thickness 0.15)) (justify mirror))
    )
    (fp_text value "1u" (at 0 -1.43) (layer "B.Fab")
      (effects (font (size 1 1) (thickness 0.15)) (justify mirror))
    )
    (fp_line (start -0.8 -0.4) (end -0.8 0.4) (layer "B.Fab") (width 0.1))
    (fp_line (start -0.8 0.4) (end 0.8 0.4) (layer "B.Fab") (width 0.1))
    (fp_line (start 0.8 0.4) (end 0.8 -0.4) (layer "B.Fab") (width 0.1))
    (fp_line (start 0.8 -0.4) (end -0.8 -0.4) (layer "B.Fab") (width 0.1))
    (fp_line (start -0.162779 0.51) (end 0.162779 0.51) (layer "B.SilkS") (width 0.12))
    (fp_line (start -0.162779 -0.51) (end 0.162779 -0.51) (layer "B.SilkS") (width 0.12))
    (fp_line (start -1.48 -0.73) (end -1.48 0.73) (layer "B.CrtYd") (width 0.05))
    (fp_line (start -1.48 0.73) (end 1.48 0.73) (layer "B.CrtYd") (width 0.05))
    (fp_line (start 1.48 0.73) (end 1.48 -0.73) (layer "B.CrtYd") (width 0.05))
    (fp_line (start 1.48 -0.73) (end -1.48 -0.73) (layer "B.CrtYd") (width 0.05))
    (fp_text user "%R" (at 0 0) (layer "B.Fab")
      (effects (font (size 0.4 0.4) (thickness 0.06)) (justify mirror))
    )
    (pad "2" smd roundrect (at 0.7875 0) (size 0.875 0.95) (layers "B.Cu" "B.Paste" "B.Mask") (roundrect_rratio 0.25)
      (net 6 "GND"))
    (pad "1" smd roundrect (at -0.7875 0) (size 0.875 0.95) (layers "B.Cu" "B.Paste" "B.Mask") (roundrect_rratio 0.25)
      (net 7 "+VDC"))
    (model "${KISYS3DMOD}/Capacitor_SMD.3dshapes/C_0603_1608Metric.wrl"
      (at (xyz 0 0 0))
      (scale (xyz 1 1 1))
      (rotate (xyz 0 0 0))
    )
  )

  (module "Package_SO:SOIC-14_3.9x8.7mm_P1.27mm" (layer "B.Cu") (tedit 5D9F72B1) (tstamp 5DE644EE)
    (at 155.25 119.7 180)
    (descr "SOIC, 14 Pin (JEDEC MS-012AB, https://www.analog.com/media/en/package-pcb-resources/package/pkg_pdf/soic_narrow-r/r_14.pdf), generated with kicad-footprint-generator ipc_gullwing_generator.py")
    (tags "SOIC SO")
    (path "/5DE46A95")
    (attr smd)
    (fp_text reference "U2" (at 0 5.28) (layer "B.SilkS")
